24
0
0
0
0
0
0
0
0
0
14
0
28
0
7
0
8
0
12
0
0
0
16
0
14
0
0
0
0
0
0
3
184
0
0
0
40
0
0
0
170
185
212
198
223
157
62
0
0
0
0
0
24
0
16
0
0
0
0
0
0
0
0
0
0
0
0
0
0
0
4
0
8
0
12
0
24
0
0
0
72
0
0
0
44
0
0
0
4
0
0
0
28
0
0
0
109
111
100
101
108
115
47
103
114
105
109
95
116
101
120
116
95
116
114
97
105
110
101
100
46
98
105
110
0
0
0
0
16
0
0
0
109
111
100
101
108
115
47
118
111
99
97
98
46
98
105
110
0
0
0
0
23
0
0
0
100
97
116
97
47
116
114
97
105
110
105
110
103
95
100
97
116
97
46
103
114
109
116
0
0
0
34
0
72
0
4
0
8
0
12
0
16
0
20
0
24
0
28
0
32
0
36
0
40
0
44
0
48
0
52
0
56
0
64
0
34
0
0
0
1
0
0
0
10
0
0
0
201
0
0
0
109
1
0
0
11
225
149
63
124
78
228
63
66
102
78
64
129
150
152
80
0
48
152
63
0
254
63
65
28
56
176
64
32
0
0
0
20
0
0
0
128
82
72
93
154
1
0
0
226
1
0
0
0
0
0
0
0
0
0
0
0
0
0
0
19
0
0
0
84
114
97
105
110
105
110
103
32
69
112
111
99
104
32
49
47
49
48
0
