Training Data Sample Audit
================================================================================
Total sequences: 8469
Sampled: 20
Date: 1765682493.5983682
================================================================================


================================================================================
SAMPLE 1/20 - Sequence 4086
================================================================================
Tokens: 1450
Token IDs: [1064, 3820, 9873, 1864, 2602, 7550, 2291, 22717, 9873, 1096, 257, 1847, 2948, 6010, 4162, 5692, 873, 257, 7379, 534, 2801, 3441, 257, 5350, 2897, 21593, 7302, 872, 1410, 20872, 17542, 654, 2211, 660, 19142, 1236, 5118, 1334, 1559, 708, 13380, 5497, 19343, 25489, 13687, 2466, 12985, 11293, 4169, 1847]...

================================================================================
SAMPLE 2/20 - Sequence 3469
================================================================================
Tokens: 1439
Token IDs: [7312, 715, 18607, 2852, 16667, 778, 7627, 4837, 636, 9454, 2705, 3720, 2056, 257, 11585, 592, 1599, 21180, 551, 37145, 257, 11135, 11882, 906, 667, 7266, 715, 13514, 621, 7484, 18139, 652, 6263, 25088, 773, 5647, 1770, 4720, 9119, 6465, 543, 2384, 1565, 1621, 2504, 258, 884, 19246, 923, 10966]...

================================================================================
SAMPLE 3/20 - Sequence 1703
================================================================================
Tokens: 1288
Token IDs: [10239, 1114, 258, 664, 266, 9598, 637, 1043, 257, 2695, 3934, 3318, 266, 1080, 6052, 1835, 1079, 922, 3411, 3374, 7481, 2505, 627, 7294, 2801, 2872, 741, 8175, 4149, 12586, 1831, 4465, 652, 2665, 4688, 257, 22474, 3169, 25113, 2902, 894, 2335, 4149, 667, 22910, 3021, 5929, 1006, 1847, 24132]...

================================================================================
SAMPLE 4/20 - Sequence 175
================================================================================
Tokens: 1456
Token IDs: [4153, 22547, 7560, 985, 18346, 4263, 972, 31479, 11542, 3780, 572, 3034, 9798, 7855, 1392, 6378, 16399, 4339, 2434, 14576, 637, 1020, 6378, 655, 3780, 4099, 257, 19729, 2004, 10432, 1247, 973, 1303, 569, 624, 7335, 660, 907, 10968, 543, 11821, 2558, 1417, 934, 5285, 2434, 13278, 18096, 21243, 18926]...

================================================================================
SAMPLE 5/20 - Sequence 4341
================================================================================
Tokens: 1223
Token IDs: [8098, 20276, 20463, 928, 8755, 897, 1006, 16817, 7211, 739, 11698, 6263, 7151, 21180, 872, 14022, 19163, 20028, 23043, 960, 22922, 12291, 622, 22224, 960, 1587, 534, 622, 1484, 16171, 18266, 24461, 7137, 17537, 5425, 2544, 10345, 13380, 21072, 8377, 16817, 928, 8755, 2581, 945, 5837, 739, 3643, 519, 771]...

================================================================================
SAMPLE 6/20 - Sequence 1383
================================================================================
Tokens: 2205
Token IDs: [5443, 9498, 21254, 23059, 708, 16486, 11086, 1279, 2025, 1379, 17031, 12791, 23848, 13550, 945, 19399, 257, 698, 258, 612, 1099, 1275, 1066, 15807, 3270, 7549, 6580, 771, 11256, 773, 3233, 686, 5871, 544, 12525, 6302, 3104, 15756, 10037, 11843, 1006, 10306, 1612, 7549, 9498, 9346, 14985, 3249, 22811, 2977]...

================================================================================
SAMPLE 7/20 - Sequence 6814
================================================================================
Tokens: 227
Token IDs: [257, 15503, 16167, 28077, 1114, 257, 3816, 686, 885, 15027, 1114, 257, 3968, 16711, 5736, 4787, 2464, 651, 641, 581, 3143, 19454, 12725, 1241, 10357, 778, 12247, 755, 880, 1114, 555, 16854, 16628, 16945, 257, 664, 18892, 2434, 771, 1252, 3061, 627, 19451, 10122, 36897, 23078, 11970, 806, 2166, 1613]...

================================================================================
SAMPLE 8/20 - Sequence 3482
================================================================================
Tokens: 1573
Token IDs: [11384, 528, 9389, 6866, 258, 530, 11100, 1488, 4760, 552, 577, 11123, 23763, 13489, 10819, 1080, 3524, 9292, 2175, 884, 17272, 2824, 642, 907, 4679, 18429, 9062, 6223, 12007, 741, 1409, 10758, 14978, 19243, 983, 11711, 739, 2082, 17063, 620, 257, 1488, 16843, 1363, 1499, 771, 2824, 642, 753, 257]...

================================================================================
SAMPLE 9/20 - Sequence 1966
================================================================================
Tokens: 155
Token IDs: [1805, 5624, 1043, 257, 1459, 562, 9793, 2287, 637, 13662, 257, 544, 24231, 5532, 23036, 1599, 266, 1114, 257, 3816, 907, 1252, 7438, 19092, 652, 9988, 538, 1440, 7548, 12586, 1252, 698, 257, 588, 5262, 778, 3709, 9440, 978, 2335, 16151, 7296, 522, 5181, 5705, 4744, 14673, 19201, 8372, 14539]...

================================================================================
SAMPLE 10/20 - Sequence 4795
================================================================================
Tokens: 1563
Token IDs: [24895, 258, 516, 258, 9186, 6436, 11427, 560, 5001, 9798, 678, 995, 1043, 257, 620, 257, 1278, 10686, 5001, 13070, 11261, 9973, 8499, 1683, 4584, 543, 4688, 14406, 5499, 15958, 8335, 14148, 4217, 5001, 667, 1101, 14620, 20096, 1124, 1425, 9389, 17262, 2788, 1389, 5498, 519, 2533, 6465, 15038, 14148]...

================================================================================
SAMPLE 11/20 - Sequence 4552
================================================================================
Tokens: 434
Token IDs: [1241, 19045, 1255, 4158, 1847, 686, 257, 9485, 18740, 14150, 1247, 2693, 517, 1612, 1417, 696, 2284, 1565, 8972, 708, 12603, 19358, 518, 19116, 12592, 9958, 20052, 10740, 652, 3646, 4005, 2002, 616, 14633, 17950, 667, 1057, 31289, 1417, 686, 257, 544, 4791, 2914, 4070, 19095, 696, 6684, 1080, 19095]...

================================================================================
SAMPLE 12/20 - Sequence 753
================================================================================
Tokens: 1337
Token IDs: [28578, 15627, 519, 11495, 257, 10951, 522, 1676, 3018, 21263, 585, 1006, 7225, 708, 4340, 2558, 983, 2466, 16952, 755, 31165, 19808, 17537, 12484, 623, 21974, 16631, 2399, 10681, 768, 17742, 4471, 4340, 1006, 15624, 4340, 8879, 1948, 20372, 2056, 257, 544, 2141, 5932, 5523, 1490, 257, 588, 8327, 4898]...

================================================================================
SAMPLE 13/20 - Sequence 2125
================================================================================
Tokens: 1055
Token IDs: [24925, 516, 257, 2695, 909, 10535, 9284, 564, 568, 534, 1420, 7161, 739, 8250, 2753, 258, 258, 12715, 616, 2834, 8603, 538, 2104, 257, 1275, 23637, 11697, 739, 19698, 8190, 258, 258, 12715, 616, 2834, 6262, 3613, 1242, 1043, 257, 9485, 13064, 1683, 11207, 12842, 715, 6055, 2502, 806, 4266]...

================================================================================
SAMPLE 14/20 - Sequence 5341
================================================================================
Tokens: 620
Token IDs: [774, 8059, 621, 6378, 655, 257, 16006, 6015, 3925, 1072, 258, 729, 258, 664, 17197, 19724, 642, 15428, 257, 3660, 652, 15650, 14889, 754, 7596, 17941, 6712, 1835, 17226, 14147, 1129, 9238, 266, 2848, 6817, 17435, 519, 884, 632, 10551, 1784, 5837, 739, 8059, 1778, 1847, 2010, 18255, 698, 11172]...

================================================================================
SAMPLE 15/20 - Sequence 1267
================================================================================
Tokens: 1582
Token IDs: [6037, 23054, 15931, 1680, 13241, 1621, 16619, 625, 16771, 4149, 1101, 12738, 1447, 907, 10061, 1676, 771, 1252, 7664, 1997, 1892, 23054, 15931, 15894, 18691, 651, 7663, 2010, 18432, 4468, 3559, 708, 18295, 10556, 4094, 6894, 538, 23054, 907, 11024, 538, 1328, 884, 16704, 583, 770, 567, 524, 2141, 4461]...

================================================================================
SAMPLE 16/20 - Sequence 6837
================================================================================
Tokens: 766
Token IDs: [2613, 17249, 30948, 22033, 698, 9976, 3445, 2032, 6511, 9616, 14136, 3665, 12719, 18687, 636, 6115, 12370, 257, 5181, 11071, 9876, 23067, 16858, 11030, 7204, 12212, 3332, 11698, 860, 1087, 6749, 3435, 12967, 960, 527, 1484, 257, 266, 18992, 814, 527, 12291, 32327, 9445, 1389, 8996, 8640, 626, 266, 7759]...

================================================================================
SAMPLE 17/20 - Sequence 2646
================================================================================
Tokens: 1576
Token IDs: [857, 696, 11584, 522, 19567, 17598, 6339, 708, 1784, 16098, 1770, 10240, 734, 257, 581, 257, 8763, 639, 1176, 2813, 741, 15866, 7260, 2032, 2654, 621, 14260, 3665, 1212, 18930, 744, 1676, 20362, 636, 5168, 894, 1337, 14978, 522, 7049, 6573, 2502, 5262, 8763, 639, 1176, 2813, 9390, 1440, 10420]...

================================================================================
SAMPLE 18/20 - Sequence 3674
================================================================================
Tokens: 1771
Token IDs: [6011, 783, 1080, 5956, 18942, 771, 3796, 4846, 12399, 522, 16209, 17782, 7527, 6816, 1080, 2466, 16834, 1080, 7527, 10863, 10850, 16966, 1337, 2156, 671, 21463, 1613, 2246, 13514, 17627, 6395, 2503, 15309, 628, 18356, 1695, 8513, 18225, 12710, 18453, 17796, 2588, 13127, 4167, 19733, 546, 696, 4158, 753, 257]...

================================================================================
SAMPLE 19/20 - Sequence 1493
================================================================================
Tokens: 728
Token IDs: [258, 516, 258, 657, 7304, 4019, 1043, 257, 544, 7419, 7924, 12948, 559, 257, 1459, 774, 1575, 2164, 10966, 2602, 2466, 10078, 13683, 725, 1761, 1208, 3104, 1409, 2504, 257, 696, 10432, 621, 10783, 6644, 3524, 17767, 6012, 20379, 1000, 7386, 19058, 15121, 1072, 1208, 15571, 543, 2534, 1501, 664]...

================================================================================
SAMPLE 20/20 - Sequence 2441
================================================================================
Tokens: 1382
Token IDs: [2985, 6528, 9181, 2821, 6299, 2211, 31471, 21856, 1312, 2985, 1099, 11712, 12135, 2218, 1511, 613, 8879, 770, 14068, 717, 717, 634, 257, 717, 634, 257, 1087, 664, 257, 1129, 257, 633, 257, 266, 12758, 4242, 717, 770, 14068, 4461, 1073, 4938, 17639, 11712, 11499, 258, 729, 258, 20379, 24998]...


================================================================================
CLASSIFICATION SUMMARY
================================================================================
